timestamp,emg1,emg2,emg3,emg4,emg5,emg6,emg7,emg8
1528446781655668,-5,-3,-4,-6,-9,-10,-11,-8
1528446781655668,2,-2,-5,-11,0,4,4,3
1528446781670628,0,0,-2,-3,1,2,3,2
1528446781670628,-1,0,2,3,0,0,-1,0
1528446781678606,-4,-1,0,0,0,1,4,-1
1528446781678606,0,-1,-1,-3,-7,-12,-13,-4
1528446781688579,-1,-1,-1,-3,-2,-1,2,-2
1528446781688579,1,-2,-1,-4,5,9,8,1
1528446781695563,0,-1,1,-1,0,1,-5,-1
1528446781695563,0,1,3,2,-2,-2,1,-1
1528446781708527,-1,-2,-3,-2,-2,-4,-3,-1
1528446781708527,-4,0,-7,-3,-6,-8,-10,-8
1528446781715509,5,2,1,2,3,6,7,7
1528446781715509,3,2,3,4,2,0,3,3
1528446781730469,-2,0,2,0,-3,-4,-10,-8
1528446781730469,4,-1,-1,1,6,8,6,11
1528446781739446,1,1,0,1,7,18,18,6
1528446781739446,-2,1,0,-1,-2,0,-4,-6
1528446781753407,-1,-1,-5,-1,1,-6,-9,-6
1528446781753407,0,-2,-3,3,3,3,-3,4
1528446781768370,0,1,-4,-4,-1,-2,-1,-5
1528446781768370,1,0,1,0,-3,0,2,3
1528446781775349,-3,2,3,2,-2,-6,-6,-1
1528446781775349,-6,-1,0,0,-1,-2,3,-8
1528446781790308,-4,-3,-3,0,0,0,-7,-2
1528446781790308,-4,0,2,0,0,2,-2,-8
1528446781801280,6,-4,-8,-2,-3,-5,-3,3
1528446781801280,1,-3,4,-1,-3,-1,3,3
1528446781813247,0,2,4,1,1,-4,-5,-10
1528446781813247,-8,-7,-9,-8,-12,-11,-20,-12
1528446781837185,5,7,12,1,1,6,14,5
1528446781837185,9,1,-2,-1,-5,-1,4,3
1528446781843168,-11,-3,-6,-4,-2,-9,-10,-2
1528446781843168,-2,-2,6,3,6,1,-1,-1
1528446781861121,-3,-4,-6,-2,-1,1,2,0
1528446781861121,-3,-3,-2,-4,-6,-7,-16,-8
1528446781866107,10,4,7,5,3,6,16,12
1528446781866107,-1,5,-2,-1,-2,-3,-1,-1
1528446781881065,4,0,-4,-1,-2,0,0,1
1528446781881065,3,1,2,2,5,11,14,8
1528446781896027,-2,-3,-7,-2,-2,6,4,-1
1528446781896027,4,3,5,1,2,4,14,7
1528446781911984,-3,-1,4,2,6,1,2,-2
1528446781911984,10,6,8,2,5,22,21,6
1528446781917969,-12,-6,1,-3,-8,-20,-20,-6
1528446781917969,4,2,-3,3,4,4,8,5
1528446781940907,0,-3,-12,-2,0,1,-6,-7
1528446781940907,-3,-1,2,-1,-5,-12,-12,-3
1528446781955867,7,3,-3,-1,-1,-7,-6,-3
1528446781955867,-6,-1,-4,-2,-1,5,7,5
1528446781962848,-1,-2,0,-1,4,12,10,-2
1528446781962848,-4,0,2,-2,-4,-17,-21,-10
1528446781992767,3,3,3,5,9,13,16,6
1528446781992767,7,5,0,0,2,4,2,4
1528446782000746,-3,-7,-13,-4,-5,-14,-2,-1
1528446782000746,8,3,-2,1,12,26,27,12
1528446782007727,-8,-5,-5,-4,-13,-13,-18,-9
1528446782007727,-5,-4,-2,-3,-6,-20,-16,-8
1528446782030668,1,0,2,-2,-2,-4,-1,-4
1528446782030668,-4,-3,-5,-11,-11,-16,-12,-6
1528446782052608,0,1,5,-2,-2,-1,6,1
1528446782052608,-8,-3,1,-2,-10,-23,-32,-18
1528446782060587,1,-3,-4,-4,-4,-5,-4,0
1528446782060587,4,0,-1,3,6,4,0,5
1528446782075547,-1,1,-2,1,5,2,3,-9
1528446782075547,-2,0,5,6,-1,-4,-7,6
1528446782082577,10,7,3,6,15,17,15,9
1528446782082577,3,1,4,5,-5,5,1,-1
1528446782105468,-8,-7,-4,-6,-11,-21,-13,-7
1528446782105468,1,0,-3,2,21,34,20,11
1528446782120427,-5,-2,0,-6,-10,-12,-14,-6
1528446782120427,1,1,0,-7,0,5,6,0
1528446782135388,-3,-4,-4,-5,-2,-7,0,1
1528446782135388,4,3,1,1,0,4,4,2
1528446782143366,-2,0,1,-2,4,9,7,0
1528446782143366,-6,-3,5,-1,-3,1,-1,-2
1528446782158327,-1,-4,-1,-1,-10,-2,-4,0
1528446782158327,-1,-2,-2,4,3,-8,-4,-3
1528446782173285,1,1,-3,-4,6,-2,-4,-4
1528446782173285,-5,-4,-4,-9,-8,-7,-5,-7
1528446782188245,-2,2,8,-9,-1,-1,-1,1
1528446782188245,-2,-2,-9,-11,-2,-3,-7,-1
1528446782195227,6,5,6,-3,11,11,11,6
1528446782195227,-3,1,-3,-4,-7,-12,-13,-10
1528446782218164,-4,-3,2,3,0,2,2,2
1528446782218164,-2,1,1,4,1,3,4,1
1528446782233126,-1,0,5,-2,-4,-7,-10,-3
1528446782233126,-4,-3,-9,-2,-3,-3,0,0
1528446782240107,0,-2,-2,-3,-5,-2,-4,-3
1528446782240107,2,0,0,5,2,-1,-3,1
1528446782255900,-1,1,5,4,9,10,7,6
1528446782255900,-6,-5,-1,-3,-7,-4,-2,-7
1528446782270811,-9,-3,1,-12,0,3,0,-7
1528446782270811,-3,0,-8,-3,1,-1,4,-10
1528446782285773,3,-5,2,-5,2,5,4,18
1528446782285773,3,-9,-9,-4,-5,-9,-6,-8
1528446782292792,5,13,5,6,3,5,3,20
1528446782292792,-13,-25,-7,-5,-4,-4,-11,-27
1528446782307716,-26,26,11,0,-7,-11,-17,-31
1528446782307716,20,12,1,2,-1,-2,2,28
1528446782315691,-43,-12,-7,5,3,5,-8,-79
1528446782315691,52,15,19,10,-5,-4,7,79
1528446782330652,12,-31,2,4,-3,-3,3,30
1528446782330652,3,37,17,0,0,-3,-2,-5
1528446782352593,-8,-9,0,4,9,7,4,2
1528446782352593,-43,-33,-9,4,-7,-12,-21,-36
1528446782360574,82,29,25,15,4,9,30,90
1528446782360574,-41,3,-44,-7,-6,-6,-12,-37
1528446782375532,19,-5,5,3,2,-1,-3,-4
1528446782375532,-62,28,15,-2,-8,-6,-14,-74
1528446782382549,9,21,18,10,7,7,8,2
1528446782382549,90,18,15,9,1,-2,7,70
1528446782390492,-44,-23,-18,-6,-6,-6,-12,-33
1528446782390492,-28,-17,-26,-11,-3,-8,-11,-22
1528446782405452,29,32,3,7,3,8,2,-5
1528446782405452,12,-19,-4,1,-1,5,12,24
1528446782413482,-3,3,-11,2,-3,-4,-4,9
1528446782413482,-18,-6,-13,1,6,13,10,-21
1528446782428439,0,2,-7,-9,-29,-33,-22,-14
1528446782428439,11,-18,-5,-5,27,18,11,22
1528446782435419,-2,3,-1,-3,0,-1,4,0
1528446782435419,-17,-7,7,-3,4,8,-3,-20
1528446782450332,-14,-5,-6,-9,-29,-38,-29,-24
1528446782450332,-6,-6,9,7,-5,-24,-5,-4
1528446782465567,16,12,3,14,36,52,31,27
1528446782465567,-1,-11,-8,-1,-3,4,20,7
1528446782473305,-10,-7,-9,1,35,25,-2,-11
1528446782473305,-1,-2,3,4,-15,-14,-9,6
1528446782488508,0,0,-9,-9,-10,-12,-5,-6
1528446782488508,2,-5,-3,1,-1,-3,-5,3
1528446782495266,-1,0,-1,-3,-17,-15,-14,-9
1528446782495266,-7,-1,6,-7,-9,-6,-7,-6
1528446782510206,-3,2,-1,-9,-6,-5,-4,-3
1528446782510206,-4,-3,3,0,0,-4,-6,-4
1528446782526327,-1,-1,-8,-6,-9,4,4,-3
1528446782526327,5,-1,1,6,7,-5,-4,6
1528446782533199,-3,0,0,8,-5,-2,-2,-4
1528446782533199,0,0,1,3,25,15,4,1
1528446782548343,-1,-3,-5,0,-6,2,2,-1
1528446782548343,8,2,3,6,-5,-6,4,9
1528446782555432,0,-1,2,-3,-12,-4,0,-3
1528446782555432,-5,-3,4,6,7,6,-2,-7
1528446782571283,-5,-4,-3,-6,-17,-19,-14,-7
1528446782571283,1,1,1,4,15,2,-4,1
1528446782578782,1,0,-7,0,7,19,18,5
1528446782578782,-1,-3,0,0,-3,-3,7,4
1528446782593793,-1,-4,-6,0,-2,-3,-2,-2
1528446782593793,-3,0,2,-6,-3,6,2,-2
1528446782608011,4,0,-3,-2,1,-7,1,4
1528446782608011,0,0,2,5,1,5,-2,0
1528446782615746,3,3,1,0,6,4,3,0
1528446782615746,-3,-3,-2,0,-2,7,9,-5
1528446782631040,-1,-2,-1,-2,-7,-16,-15,-8
1528446782631040,-1,-2,-4,0,3,5,4,2
1528446782638782,2,2,-1,-1,2,2,4,2
1528446782638782,-2,-5,-2,0,-1,1,-1,-4
1528446782652905,-1,2,2,4,6,2,1,2
1528446782652905,1,2,5,-1,-3,-2,-3,0
1528446782668785,-2,-4,-9,-3,-2,-8,-3,-2
1528446782668785,0,-2,-4,-2,-4,3,-5,-8
1528446782683585,-1,-2,2,1,4,5,2,4
1528446782683585,2,-2,-1,0,-2,0,1,4
1528446782698871,-2,1,0,0,0,-2,2,0
1528446782698871,-7,-1,1,-3,-3,-6,-5,-7
1528446782706100,-20,-6,-4,0,2,1,-4,-31
1528446782706100,25,8,3,-1,-3,1,2,12
1528446782720941,0,4,6,-2,-4,-4,-3,5
1528446782720941,-17,-10,-7,1,5,5,0,-7
1528446782736343,15,12,15,5,-1,-3,3,12
1528446782736343,-12,23,-6,0,-1,0,-8,-30
1528446782750949,34,-2,-20,-3,0,1,8,31
1528446782750949,-5,-4,6,3,4,3,2,8
1528446782757969,-7,5,3,-11,-10,-9,-6,-3
1528446782757969,25,10,22,5,19,18,16,23
1528446782780926,-6,-5,-3,-2,0,2,5,10
1528446782780926,-29,-25,-19,-2,-1,-1,-2,-8
1528446782795828,7,21,14,10,9,8,0,-6
1528446782795828,6,6,12,-3,-12,-4,4,8
1528446782802810,9,-7,-23,0,0,-3,-7,-5
1528446782802810,-14,-7,-5,-1,-2,1,4,-9
1528446782817770,-16,-15,-7,-3,-5,-3,4,0
1528446782817770,-10,21,15,6,6,5,-1,-4
1528446782832759,-23,-9,-2,0,1,2,-6,-21
1528446782832759,23,8,12,5,19,19,8,17
1528446782847707,-13,3,10,-4,-18,-18,-8,-11
1528446782847707,8,-6,-8,0,-2,4,2,2
1528446782855724,-3,-3,-4,3,33,24,19,8
1528446782855724,7,11,6,0,-5,-11,-13,0
1528446782877664,-3,-3,4,1,19,36,21,0
1528446782877664,4,-5,-4,2,0,-9,-6,3
1528446782885643,-2,2,4,-1,-30,-25,-12,-2
1528446782885643,-4,-3,-7,-3,-8,-15,0,-1
1528446782907585,-4,2,-3,-1,3,4,2,-1
1528446782907585,-5,-6,-3,-5,-5,-12,-8,-5
1528446782923541,0,2,3,3,-2,-24,-16,0
1528446782923541,6,4,-1,0,7,21,26,13
1528446782938503,-3,-1,-3,-4,11,5,-1,-5
1528446782938503,-4,-9,-6,-4,-12,-14,-15,-5
1528446782945483,6,5,5,8,24,20,19,12
1528446782945483,-1,-1,0,-1,-10,-7,-6,-3
1528446782953462,-7,-5,-4,-1,-9,-6,-8,-7
1528446782953462,4,1,1,2,11,21,16,8
1528446782975404,-4,-2,1,-3,-8,-13,-13,-8
1528446782975404,3,-1,-2,1,7,16,11,3
1528446782983333,0,1,-2,-5,-15,-8,-4,-1
1528446782983333,0,-2,1,0,4,-9,-5,-4
1528446782998316,0,-1,-1,3,16,18,12,3
1528446782998316,-1,-3,-2,-5,-5,6,0,1
1528446783005323,-3,0,-2,-1,-1,-13,-10,-8
1528446783005323,-1,0,1,-1,-3,0,-4,-3
1528446783013301,-2,-2,-1,-2,-4,-7,-1,-2
1528446783013301,0,-1,-2,-3,2,2,-2,1
1528446783020255,-2,-1,1,-1,0,-2,4,2
1528446783020255,-4,-5,0,-2,-4,-6,-7,-3
1528446783028207,-1,3,1,-1,-17,-25,-10,-4
1528446783028207,1,0,1,1,9,21,15,2
1528446783035189,-2,-3,-3,0,1,-2,-4,-3
1528446783035189,0,0,-1,-2,-5,1,0,1
1528446783050162,2,2,1,2,-2,5,7,4
1528446783050162,2,2,-1,-4,6,4,-6,-4
1528446783058127,1,-1,-3,-3,2,8,6,4
1528446783058127,0,1,2,2,3,-5,0,0
1528446783073142,-4,-1,1,-2,-4,-7,-6,-5
1528446783073142,0,-4,-4,1,3,0,-3,-3
1528446783080124,-1,0,4,5,6,1,2,-1
1528446783080124,1,2,3,-1,3,5,5,3
1528446783088102,4,3,-1,0,-4,0,-2,2
1528446783088102,-3,-5,-4,-5,-6,-7,-2,-5
1528446783096026,-2,-2,0,1,-1,-8,-8,-4
1528446783096026,-1,-4,-6,-2,-1,9,6,0
1528446783111246,-2,2,4,-1,-4,-7,-5,-10
1528446783111246,-3,-4,-5,0,0,-5,-4,5
1528446783118231,3,1,1,2,-3,4,4,4
1528446783118231,-4,-1,-2,-4,0,-3,-2,-7
1528446783132996,-2,-7,-6,-1,0,2,6,4
1528446783132996,-1,-1,2,2,-2,-5,-2,5
1528446783148151,-21,-4,4,-2,-1,1,-9,-55
1528446783148151,6,8,3,-2,-3,-11,-7,14
1528446783163858,-23,-23,-5,1,3,7,-6,-1
1528446783163858,2,-10,0,-3,-7,-8,2,17
1528446783178605,-5,-20,-10,-4,-9,-12,-11,3
1528446783178605,-5,-26,-35,-2,6,9,14,10
1528446783185331,12,-15,11,-14,-14,-16,-12,22
1528446783185331,-33,49,42,7,9,6,-18,-84
1528446783200543,-46,-56,-33,-8,-8,-4,9,33
1528446783200543,27,-34,7,4,6,7,-1,-2
1528446783208660,10,40,-36,-8,-1,-2,-8,4
1528446783208660,51,1,9,-3,-2,3,19,42
1528446783223700,6,22,-2,-1,1,2,-2,-4
1528446783223700,19,15,23,0,-4,-2,11,11
1528446783238885,12,22,0,9,10,8,4,-19
1528446783238885,-22,-12,-14,-13,-16,-15,-20,-27
1528446783253821,22,6,12,18,-5,1,5,7
1528446783253821,1,22,-7,7,-27,-23,-17,-18
1528446783260672,-28,-9,2,-2,37,24,13,-1
1528446783260672,36,-15,-9,-12,-22,-16,-6,22
1528446783275870,-1,31,17,-20,12,2,-4,-12
1528446783275870,16,11,16,-29,33,25,16,11
1528446783290825,15,19,33,-6,-4,-16,-3,31
1528446783290825,-31,-5,-11,10,-13,-12,-9,-15
1528446783298142,46,-8,6,16,-17,-6,3,33
1528446783298142,-35,-16,-17,10,-15,-19,-15,-16
1528446783320828,-2,-4,-11,3,-7,0,-1,-10
1528446783320828,8,14,11,3,-11,-7,2,11
1528446783327787,-12,0,4,0,14,24,11,-6
1528446783327787,-13,-5,-6,-6,-7,-13,-7,1
1528446783335770,8,-5,-4,0,-1,4,0,-6
1528446783335770,-15,0,0,8,3,1,-2,3
1528446783350806,18,12,3,8,-7,-6,2,3
1528446783350806,-8,-6,-8,7,4,-2,2,4
1528446783366185,-2,-3,3,6,2,1,1,-2
1528446783366185,-2,4,-3,6,-2,3,1,-8
1528446783373197,2,3,0,4,-12,-14,-8,-4
1528446783373197,4,-2,2,8,11,14,11,20
1528446783380791,-5,-3,-3,9,-3,1,1,-8
1528446783380791,0,8,6,8,-1,-2,-4,-1
1528446783388759,8,0,1,5,-13,-7,-2,4
1528446783388759,-15,-9,-4,3,7,-7,1,-3
1528446783396166,6,2,0,-6,1,-1,-2,-7
1528446783396166,1,2,0,-5,4,3,1,-1
1528446783411087,2,0,-3,-4,0,3,1,-4
1528446783411087,2,2,3,-1,-2,-5,-2,2
1528446783418071,-4,1,0,-2,1,2,-3,-7
1528446783418071,-2,-1,-1,-2,-5,-6,-3,-2
1528446783448810,3,-1,-2,-2,0,3,3,2
1528446783448810,-6,2,0,-2,3,-1,-2,-3
1528446783455951,3,3,1,-1,1,0,0,0
1528446783455951,0,2,0,2,2,2,2,2
1528446783463759,0,-3,-1,-4,-3,-3,-1,-1
1528446783463759,-3,1,0,-4,-9,-6,-7,-7
1528446783470695,0,-1,0,2,-1,4,3,2
1528446783470695,2,-2,-1,0,2,-1,0,3
1528446783500893,1,-1,0,-2,-2,-3,-3,-2
1528446783500893,-1,-1,-3,-4,1,2,1,-2
1528446783508140,1,-1,-4,2,7,4,4,4
1528446783508140,-1,-2,-7,-4,-10,-7,-4,-1
1528446783517848,2,-1,-4,4,1,-1,-1,-1
1528446783517848,1,2,-5,5,4,3,0,1
1528446783523937,-2,-2,-3,0,-7,-3,-2,0
1528446783523937,-2,-1,2,2,1,0,-1,-1
1528446783538839,-1,-1,2,8,-2,-3,-1,0
1528446783538839,-2,0,1,15,1,4,0,-2
1528446783553425,-5,-7,-17,16,-9,-1,-4,-6
1528446783553425,-1,4,9,35,6,-1,-1,-1
1528446783561393,-4,-2,1,53,-11,-4,-4,-2
1528446783561393,2,-1,-10,52,-1,-1,-1,-1
1528446783570268,1,1,3,110,0,-1,2,1
1528446783570268,1,-2,-8,120,2,-2,-1,0
1528446783578112,2,1,6,69,3,7,6,2
1528446783578112,-2,-2,1,14,-5,-2,-1,-2
1528446783598201,-1,0,5,-51,0,-1,-2,-1
1528446783598201,1,0,8,-87,-3,-1,-1,0
1528446783606194,-2,1,8,-88,-2,-3,-3,-1
1528446783606194,-3,-1,3,-92,-4,-4,-5,-3
1528446783627955,1,-1,12,-87,7,5,4,1
1528446783627955,1,1,12,-69,-3,0,3,1
1528446783636210,-2,2,7,-56,-2,-3,-1,0
1528446783636210,-1,-1,-4,-39,0,0,-2,0
1528446783643191,-1,2,-3,-26,-2,-2,-2,-1
1528446783643191,-1,1,-2,-20,-3,-6,-4,-3
1528446783659463,0,1,-1,-5,-2,-2,-2,-1
1528446783659463,1,-2,-5,-12,3,5,3,3
1528446783673687,0,1,-4,-5,2,0,1,-1
1528446783673687,1,0,-1,2,3,3,2,3
1528446783688647,0,-2,-2,-6,0,-2,0,1
1528446783688647,1,0,0,-2,1,-1,-2,-2
1528446783695626,0,0,-1,-6,-2,-1,0,-1
1528446783695626,0,0,-1,-5,-3,-2,-3,0
1528446783703607,-1,-1,-3,-3,0,0,-2,-4
1528446783703607,-1,2,5,3,0,2,0,-2
1528446783718572,-2,-3,-2,1,-4,-4,-1,-2
1528446783718572,-2,2,1,5,-2,-4,-3,0
1528446783741308,0,-3,-9,5,0,-1,-2,1
1528446783741308,0,-1,0,5,3,4,3,1
1528446783748487,1,2,0,3,-3,-2,2,2
1528446783748487,0,0,-3,5,4,5,2,0
1528446783755795,0,1,9,5,1,1,1,2
1528446783755795,0,0,-3,2,-4,-3,-1,-1
1528446783763774,-1,-2,-9,0,-4,-6,-7,-4
1528446783763774,-1,-2,-1,2,-2,0,1,0
1528446783778469,-2,-1,0,2,1,0,0,1
1528446783778469,-1,0,0,2,-6,-6,-5,-3
1528446783793433,0,0,2,6,3,6,6,1
1528446783793433,-1,-2,-3,6,-1,-5,-3,-1
1528446783801005,0,1,0,7,-5,-6,-4,-4
1528446783801005,-3,-2,-1,4,-4,-5,-5,-4
1528446783807987,-1,-1,4,-1,-4,-6,-3,-2
1528446783807987,0,2,10,-1,3,4,4,2
1528446783815968,0,1,-3,0,3,0,1,2
1528446783815968,2,4,9,-1,2,1,0,1
1528446783830926,-1,-3,-12,-6,-3,-3,-5,-2
1528446783830926,-2,-2,-1,-5,-1,-4,-4,-1
1528446783838125,-2,0,0,-2,0,-1,0,-2
1528446783838125,0,-1,-2,-3,0,-2,1,-1
1528446783852868,0,1,4,-1,-2,-2,-2,-2
1528446783852868,0,-1,-1,0,0,-5,0,0
1528446783860842,0,0,-6,0,2,9,3,0
1528446783860842,-1,1,-4,4,-3,-4,-3,-1
1528446783867857,-1,0,0,7,-1,0,1,2
1528446783867857,-1,-2,-3,12,-5,-5,-2,-2
1528446783875858,-3,-2,1,13,-3,-6,-4,-2
1528446783875858,-3,0,-2,11,-3,-1,-4,-3
1528446783890988,1,0,-1,6,0,0,-1,0
1528446783890988,0,-2,-1,-1,6,10,8,3
1528446783898093,2,2,4,-7,-1,1,1,1
1528446783898093,-1,-1,-2,-8,0,1,2,3
1528446783914886,-1,-2,-8,-11,-2,-3,-1,0
1528446783914886,-2,1,-2,-7,-4,-4,-6,-3
1528446783920974,-3,-7,-7,-7,-1,0,-2,-2
1528446783920974,0,-1,1,-6,-1,-1,1,0
1528446783928098,-2,-1,3,-3,0,-4,-2,-2
1528446783928098,0,0,-4,-4,0,1,1,-1
1528446783943837,-3,0,4,-1,-1,-4,-3,0
1528446783943837,-3,-1,9,-2,2,5,2,0
1528446783958280,0,-2,-12,0,-2,2,1,1
1528446783958280,1,0,-8,-4,-5,-5,-3,0
1528446783966263,1,0,0,-1,5,13,4,1
1528446783966263,0,-1,-2,0,0,-3,-1,-2
1528446783981280,1,0,8,0,-1,-2,0,0
1528446783981280,-1,1,1,1,1,-2,-1,1
1528446783988756,-1,-1,-2,0,-2,-6,-3,-1
1528446783988756,0,-1,0,1,-1,-2,0,1
1528446783995710,-1,1,0,0,1,2,2,-2
1528446783995710,-1,-1,-3,1,-1,-1,-2,1
1528446784003715,0,0,-1,1,-2,-1,1,0
1528446784003715,-1,0,-2,-1,2,2,0,2
1528446784010719,-1,0,1,1,-1,-4,-2,0
1528446784010719,-2,-2,-2,0,1,1,1,-2
1528446784017757,0,-1,0,1,-1,0,0,1
1528446784017757,1,0,-3,-1,-4,-3,-1,-1
1528446784032862,-1,-2,-1,0,0,-1,0,0
1528446784032862,0,0,2,0,0,0,1,-2
1528446784040646,-1,0,2,0,0,-1,-1,-1
1528446784040646,0,-2,-6,-1,-1,-2,-2,-2
1528446784047626,-2,0,-2,-2,-1,-1,-1,0
1528446784047626,-1,-1,1,0,1,0,-1,-2
1528446784055605,-1,0,0,0,-2,-3,-1,1
1528446784055605,0,-2,3,0,-1,-1,2,2
1528446784070797,-3,-4,-6,0,3,2,3,1
1528446784070797,1,1,0,0,2,3,1,0
1528446784078544,3,1,1,-1,1,1,0,-2
1528446784078544,0,1,3,1,0,-1,-2,0
1528446784093750,4,3,4,1,-1,2,-1,-1
1528446784093750,-1,2,7,0,-1,0,1,0
1528446784100692,-3,-2,-1,1,1,0,0,-1
1528446784100692,1,1,4,1,1,0,2,-1
1528446784108766,-1,-1,-9,-3,1,-1,0,2
1528446784108766,1,0,-2,-1,-2,0,0,-2
1528446784115914,-1,2,1,-1,-1,2,0,-2
1528446784115914,-1,-3,-4,-1,0,0,-1,-1
1528446784130874,-1,-1,1,1,-2,-1,-2,-4
1528446784130874,-1,0,1,0,-1,-1,-1,-2
1528446784138767,1,0,-4,-3,-3,-3,-2,-2
1528446784138767,0,-1,-1,-2,-3,-2,-1,-4
1528446784152797,-2,2,5,1,-2,0,-3,-4
1528446784152797,0,-4,2,-1,0,-1,-2,9
1528446784161034,2,-6,-6,-1,-1,-1,1,2
1528446784161034,0,-1,-2,0,1,1,2,1
1528446784167753,-1,-2,-3,-2,0,-1,-1,-1
1528446784167753,-4,3,1,0,1,1,-1,-6
1528446784175967,-7,1,2,0,0,-2,0,-2
1528446784175967,5,2,-4,0,-8,0,-1,-1
1528446784191092,3,-1,0,0,0,-3,-2,5
