timestamp,emg1,emg2,emg3,emg4,emg5,emg6,emg7,emg8
1528190039535782,-2,-7,-2,-8,-11,-2,-1,-3
1528190039535782,0,22,4,8,1,-3,-1,-1
1528190039536780,-4,-29,-12,-10,-22,-2,1,-3
1528190039536780,-2,11,-4,3,-4,-5,-2,-3
1528190039537777,-2,-4,3,17,0,-2,0,0
1528190039537777,2,10,-2,-27,-10,7,3,2
1528190039538774,-3,-6,1,4,15,1,0,0
1528190039538774,5,4,-1,-4,1,0,0,1
1528190039549745,-5,1,-2,-1,-9,-3,-2,-6
1528190039549745,1,-5,4,10,-3,-4,-2,0
1528190039552762,1,14,-2,0,0,-2,0,1
1528190039552762,-6,-24,-5,-5,-2,-4,-1,-2
1528190039564703,4,2,1,-8,-7,6,0,1
1528190039564703,-3,-5,-4,2,5,-2,-1,-1
1528190039567696,3,13,3,-4,-2,0,-3,-1
1528190039567696,3,1,-2,2,-4,-5,0,11
1528190039584651,-5,6,-2,-4,0,-6,-5,-21
1528190039584651,-3,-11,-4,-3,-5,2,-2,-4
1528190039606591,-2,0,4,15,20,4,-1,-1
1528190039606591,-2,-2,-6,-21,-4,1,0,-6
1528190039608586,5,17,5,-2,-1,3,2,11
1528190039608586,-3,0,1,-3,-6,-7,-6,-2
1528190039620555,5,-11,-8,7,2,-8,0,-1
1528190039620555,-4,-5,26,22,0,7,-7,-35
1528190039661445,0,3,0,41,5,-5,-3,-5
1528190039661445,16,3,23,-3,2,0,-1,3
1528190039662443,-17,-10,-30,28,-1,-6,-5,-42
1528190039662443,-2,-6,0,-12,-2,0,3,57
1528190039663440,4,2,-28,-27,-7,-2,-10,-36
1528190039663440,-15,0,1,-4,-4,1,-6,-27
1528190039666431,-1,-6,9,-10,-3,-2,-2,3
1528190039666431,37,8,14,33,11,-4,-1,-13
1528190039668427,-54,-20,29,11,0,-5,8,26
1528190039668427,-14,-7,-21,4,-12,-5,-9,26
1528190039681392,5,17,-14,1,6,4,7,0
1528190039681392,48,-3,1,-30,-5,5,1,0
1528190039688372,20,10,3,-34,-4,-36,1,9
1528190039688372,3,1,39,25,9,42,5,-8
1528190039695354,-12,-10,-49,-7,-4,-2,-3,4
1528190039695354,-22,3,-14,7,-2,-8,-8,-42
1528190039710314,3,1,-17,-10,-3,-5,-5,10
1528190039710314,-4,-2,14,-23,-1,-6,3,7
1528190039734251,7,11,3,5,-6,2,-1,11
1528190039734251,-5,-3,-3,29,17,11,1,-9
1528190039740234,-9,7,14,-21,-6,-8,-7,-10
1528190039740234,1,-1,-28,5,-15,-3,1,-5
1528190039749210,9,9,64,13,12,4,3,16
1528190039749210,-7,-7,-54,-21,0,11,6,36
1528190039751205,-15,-8,76,22,-6,25,1,-37
1528190039751205,20,13,-79,-34,-7,-8,-3,23
1528190039772149,-5,-15,-10,-17,-5,-19,-4,-11
1528190039772149,-22,-3,18,7,-13,-6,-9,-23
1528190039773146,8,0,7,36,7,-1,-1,38
1528190039773146,20,14,21,3,3,-9,2,-4
1528190039785115,-16,-5,17,-11,0,10,-1,-14
1528190039785115,-14,7,20,19,3,-7,3,12
1528190039794096,-12,-14,-40,-25,-5,10,0,-7
1528190039794096,5,-7,9,-3,-5,-11,-2,-8
1528190039809061,28,0,-13,2,3,-13,-6,12
1528190039809061,-9,4,25,-1,-2,-15,1,-11
1528190039811045,2,8,-14,6,8,15,1,15
1528190039811045,-12,-2,35,17,2,15,0,-27
1528190039831989,-9,-6,-4,-9,17,2,3,7
1528190039831989,1,12,27,13,-22,9,-6,-21
1528190039832987,21,-8,-27,-1,12,-11,-2,5
1528190039832987,-7,2,34,-9,1,-8,2,9
1528190039853930,4,-5,-2,7,0,-2,-3,-6
1528190039853930,7,30,-2,-9,2,7,-3,-15
1528190039855926,-5,-11,11,31,-35,-10,4,6
1528190039855926,-26,-15,-39,-22,32,5,-4,22
1528190039868890,-3,1,16,5,10,14,1,-62
1528190039868890,1,-9,-21,-55,-9,-10,-5,2
1528190039870886,-2,-1,-16,17,14,35,-3,-2
1528190039870886,0,-4,-5,30,-24,-17,-5,-3
1528190039890895,13,12,-2,-3,-14,-32,-6,5
1528190039890895,-5,-12,-11,-18,-4,11,4,49
1528190039891848,18,9,11,-65,2,-9,6,-16
1528190039891848,-10,-7,-27,14,-3,18,2,-3
1528190039913790,-8,-15,1,-3,-11,10,1,21
1528190039913790,-17,-9,11,22,4,-28,-12,-27
1528190039914837,-10,-3,-4,7,4,7,1,-1
1528190039914837,5,-2,-1,-10,8,-3,9,-2
1528190039944709,7,8,1,-11,-21,-5,-4,6
1528190039944709,7,-7,0,12,11,4,8,7
1528190039944709,-8,-4,-1,-11,-11,-14,-9,-3
1528190039944709,2,-1,-11,-11,-1,-5,-2,-10
1528190039966649,7,3,-12,15,3,9,3,5
1528190039966649,-7,-7,31,9,6,-2,0,-2
1528190039967645,-1,-2,-22,-13,14,3,0,-18
1528190039967645,5,14,93,24,-14,2,-4,16
1528190039981608,-18,-8,-14,-22,7,1,2,-1
1528190039981608,8,3,-21,-2,-1,4,-1,-3
1528190039982623,28,9,1,4,4,4,10,66
1528190039982623,-7,-7,-12,-7,-1,-14,-1,-61
1528190039996568,-9,-1,-6,5,-12,-2,-3,7
1528190039996568,-29,-17,-23,-7,-5,-8,-7,0
1528190039996568,-9,2,5,8,4,5,0,-14
1528190039996568,13,5,-34,6,-1,-7,2,17
1528190040011547,-6,-19,23,-32,1,6,2,9
1528190040011547,39,14,-54,25,5,1,1,-19
1528190040011547,-20,-2,36,11,-14,-10,-4,-7
1528190040011547,3,7,-4,6,9,0,-1,6
1528190040050425,-6,-1,34,1,0,0,-5,-17
1528190040050425,-16,4,-21,2,-7,4,1,4
1528190040051423,0,-6,-12,-24,8,-1,-3,-11
1528190040051423,-3,-2,4,-6,1,1,-3,0
1528190040053417,-5,3,21,34,1,5,0,-11
1528190040053417,2,-10,-5,-24,-4,-1,1,16
1528190040055411,14,7,6,27,-5,-1,-2,-8
1528190040055411,-15,-11,-4,-24,4,-5,-5,-12
1528190040079345,11,0,-23,-4,-4,-3,0,13
1528190040079345,1,1,29,27,9,2,-1,-8
1528190040080342,11,3,-12,-27,-6,-6,-1,-12
1528190040080342,-20,-18,2,-9,16,-2,-7,-14
1528190040093308,8,3,-33,-28,-20,1,2,27
1528190040093308,-5,-10,-3,-14,-13,-1,6,61
1528190040101337,-14,-4,-5,35,11,0,-7,-60
1528190040101337,3,1,13,10,-5,-10,-8,-27
1528190040108321,-1,10,1,8,4,0,1,2
1528190040108321,3,-14,10,-13,-1,5,0,-9
1528190040109267,1,-2,-1,-26,-2,-2,3,26
1528190040109267,1,0,-19,25,-1,-3,-1,17
1528190040132206,-7,1,7,-6,-3,-1,-4,-17
1528190040132206,1,4,28,20,5,-5,-1,-5
1528190040133201,1,-8,-33,-16,0,3,2,1
1528190040133201,0,-7,-15,16,-18,-3,3,-2
1528190040162124,-5,2,-11,-14,-13,-6,-7,-8
1528190040162124,-2,-4,0,-11,3,5,-1,-13
1528190040162124,0,5,5,-14,-10,-9,-2,-3
1528190040162124,-7,-2,0,-18,1,1,0,2
1528190040176130,15,3,11,51,5,-6,0,7
1528190040176130,3,2,11,-21,-6,4,2,-4
1528190040193081,-2,-1,18,19,-8,0,-5,-2
1528190040193081,7,10,-17,-26,-14,-3,6,19
1528190040194038,-9,-11,-8,-14,8,6,5,-12
1528190040194038,9,14,22,13,2,-12,-8,-19
1528190040195036,7,-11,-7,8,6,2,0,4
1528190040195036,2,-7,-10,-16,-16,-7,-5,0
1528190040214035,22,14,7,-5,3,-3,-3,5
1528190040214035,-31,-9,3,20,17,10,1,-13
1528190040214035,16,8,6,-4,3,0,1,8
1528190040214035,2,6,8,28,3,-5,-5,2
1528190040228947,-6,-9,-12,-12,4,7,5,16
1528190040228947,0,-14,-16,-19,-15,-11,-7,-28
1528190040228947,-3,6,-1,23,6,0,-2,4
1528190040228947,-4,-9,-10,-39,-20,2,3,-3
1528190040266899,-13,17,12,19,11,-4,-4,0
1528190040266899,-12,-2,0,-8,-6,-4,-2,-7
1528190040267897,5,2,-12,-30,-22,-8,-2,65
1528190040267897,2,1,9,37,34,11,-1,-71
1528190040275030,-7,-4,-12,-27,-15,-11,-4,-1
1528190040275030,0,0,-1,2,10,5,3,3
1528190040275821,-9,-5,-13,-6,-9,-4,-4,-13
1528190040275821,9,10,10,15,1,-1,0,30
1528190040295767,-7,-9,-1,5,-2,-2,0,-10
1528190040295767,5,-1,-9,-9,1,4,-3,-1
1528190040296764,-12,-8,-5,15,-16,-7,8,-9
1528190040296764,12,4,-11,-16,-6,-3,-3,14
1528190040318951,-12,-5,-9,18,5,1,-5,-24
1528190040318951,-5,0,16,-8,4,2,4,13
1528190040325687,-26,-4,-4,4,1,2,-6,-24
1528190040325687,30,7,-11,9,-10,-9,-5,7
1528190040358599,3,5,23,-31,-10,0,2,24
1528190040358599,15,6,-14,-7,-8,0,1,-29
1528190040358599,3,7,16,-2,-1,-2,-3,-10
1528190040358599,-17,-18,23,6,12,2,-2,9
1528190040360594,-2,-7,-64,-15,-15,-4,1,2
1528190040360594,-8,7,30,24,20,6,-7,3
1528190040363587,0,0,-3,-33,-12,-5,4,-33
1528190040363587,-2,-5,15,27,21,5,6,31
1528190040371819,6,-4,-6,-9,-4,-3,-2,-8
1528190040371819,-2,1,-19,-10,-10,-3,-3,12
1528190040371819,4,0,9,23,14,8,3,9
1528190040371819,-6,2,-1,-12,-15,-6,-7,-4
1528190040393747,-5,-10,-26,-17,-1,4,4,0
1528190040393747,-2,6,28,20,4,-5,-2,-6
1528190040394503,-6,-20,-20,-10,2,2,-2,-2
1528190040394503,-5,11,42,-6,-7,2,2,0
1528190040408513,16,-6,-27,24,23,7,-1,5
1528190040408513,-13,-8,-14,-35,-21,-13,-8,-21
1528190040423426,15,6,1,25,6,-1,-3,15
1528190040423426,-14,-4,-2,-7,0,9,6,7
1528190040431404,-8,-1,39,20,0,1,0,-7
1528190040431404,1,-5,-11,-4,-2,-4,0,9
1528190040432402,15,2,-14,10,-8,-8,-3,-11
1528190040432402,-28,-11,-21,5,29,9,1,-2
1528190040453398,17,-3,20,0,-3,0,-5,-27
1528190040453398,0,6,-38,1,-15,-5,2,30
1528190040454343,0,4,36,-15,3,3,1,-5
1528190040454343,-14,4,-28,-24,-6,-1,2,-2
1528190040468544,18,-12,-44,4,0,-7,-5,1
1528190040468544,-45,-10,45,7,-7,0,2,-4
1528190040469303,13,-6,-6,2,10,5,-3,-9
1528190040469303,5,-4,6,0,6,1,-3,-2
1528190040499467,7,2,7,1,2,4,2,8
1528190040499467,40,7,-60,3,6,-4,-4,-7
1528190040500221,-39,-10,-7,6,-6,-7,-4,-3
1528190040500221,-16,-17,-13,9,-6,-4,3,18
1528190040522537,-8,2,10,-37,-16,-5,-5,-1
1528190040522537,7,-2,8,9,4,8,3,6
1528190040522537,-1,-2,-2,-11,-6,-1,0,3
1528190040522537,7,-2,-15,-17,-7,-6,-5,-16
1528190040528744,-14,5,21,35,16,5,4,9
1528190040528744,6,-4,36,-38,-15,-6,-1,-5
1528190040529760,-3,-1,3,61,25,4,0,13
1528190040529760,8,6,-3,-26,-16,-6,-2,-9
1528190040551324,-8,12,8,2,-2,-2,-1,-1
1528190040551324,-29,-11,-3,1,3,4,4,-7
1528190040552005,22,9,-7,-17,-2,-4,-4,-7
1528190040552005,10,-11,-11,12,7,4,0,2
1528190040574301,-19,-11,-1,-16,-9,-4,-2,-4
1528190040574301,-6,-1,14,34,14,0,-1,2
1528190040574301,0,6,-17,-48,-27,-16,-8,2
1528190040574301,16,15,-1,29,4,-1,0,1
1528190040589173,-19,-3,-6,-41,-5,-3,-2,0
1528190040589173,-11,-15,-4,0,-8,-1,2,6
1528190040590109,-15,-5,8,4,26,4,0,-9
1528190040590109,2,10,15,29,-4,-2,-2,-6
1528190040611899,23,-8,-23,-30,-27,-6,2,32
1528190040611899,26,0,5,6,4,4,-5,-45
1528190040611899,6,18,0,-26,-13,-5,-3,4
1528190040611899,2,-5,-12,-18,-13,0,-1,-15
1528190040633826,-7,2,24,15,14,0,0,9
1528190040633826,10,15,-21,20,6,0,4,30
1528190040634784,-21,-16,-4,-15,-4,6,-2,-19
1528190040634784,13,1,14,11,12,2,0,-1
1528190040664965,3,1,-8,0,-3,-1,-3,-5
1528190040664965,-3,-4,-7,9,-3,-7,-3,-7
1528190040664965,-4,2,38,4,2,3,1,0
1528190040664965,-9,-3,-33,-28,-13,-7,-1,8
1528190040670951,-12,2,-21,19,9,1,-1,-20
1528190040670951,6,10,77,3,14,2,-2,2
1528190040678760,-1,-9,-19,-6,-15,-5,-2,9
1528190040678760,-4,-6,5,-39,-1,4,1,-3
1528190040693883,-2,-4,9,5,1,-2,-3,-11
1528190040693883,-3,8,-24,36,4,-3,1,4
1528190040694624,22,5,6,19,4,3,4,21
1528190040694624,-20,-10,10,-28,-7,3,-2,-16
1528190040717571,-1,0,-14,-17,1,-2,-4,-4
1528190040717571,-2,-4,-5,-2,-2,-7,-1,2
1528190040718560,-1,-3,-7,-3,-14,-1,3,2
1528190040718560,2,2,-19,25,0,-5,-3,-23
1528190040739764,7,-2,22,52,45,14,5,35
1528190040739764,1,-6,-15,-85,-44,-7,-5,-13
1528190040740773,-7,-2,-37,0,8,-1,-2,-11
1528190040740773,8,-19,20,11,-10,1,1,10
1528190040753726,0,-1,18,-2,-4,-1,5,-16
1528190040753726,-11,-3,-18,2,7,-1,-1,7
1528190040754464,-2,-13,1,12,7,2,3,12
1528190040754464,-3,3,-7,-28,-13,-4,-7,-8
1528190040775721,3,5,-1,-13,-14,-9,-4,-1
1528190040775721,15,-7,-3,21,18,10,2,-3
1528190040776718,32,-1,-29,-16,-4,-1,2,3
1528190040776718,-14,20,7,-13,0,-5,-6,8
1528190040800654,-20,-22,16,32,6,1,-8,-15
1528190040800654,-33,3,-19,-14,-13,-3,1,3
1528190040801652,28,3,16,8,8,6,7,-4
1528190040801652,26,0,-6,8,6,-3,1,8
1528190040837608,9,15,33,-29,-29,-5,-3,-2
1528190040837608,-7,-39,-24,25,20,4,1,-1
1528190040838553,-14,3,11,11,6,0,-6,-3
1528190040838553,-5,-1,4,20,43,12,7,3
1528190040844591,-4,2,7,26,-52,-12,-4,-4
1528190040844591,0,11,-3,-27,-9,-5,-5,-10
1528190040845536,1,4,-4,-10,-3,1,-1,6
1528190040845536,0,2,-26,24,10,1,1,10
1528190040873515,-5,-4,-14,-41,-6,-1,0,2
1528190040873515,10,3,11,24,14,-5,-5,4
1528190040883488,-8,11,-1,0,2,6,0,-12
1528190040883488,-16,2,-15,-20,-22,-5,-1,-2
1528190040884458,9,-6,-7,26,32,6,1,8
1528190040884458,10,9,-4,-44,-19,-3,1,-5
1528190040885474,-15,11,6,10,-5,-11,-5,-3
1528190040885474,10,-21,13,3,-6,-3,-2,-1
1528190040913353,-3,15,-8,-22,-6,0,2,-7
1528190040913353,-2,-12,-18,9,-3,-2,-4,-13
1528190040914351,-72,-15,10,5,3,-4,-3,-10
1528190040914351,19,-6,22,8,3,0,-1,3
1528190040919373,19,11,3,17,5,-1,-1,-3
1528190040919373,34,24,13,-58,-26,-10,-6,10
1528190040919373,-28,-22,-37,13,5,3,3,1
1528190040919373,0,1,9,-22,-19,-9,-7,-42
1528190040933352,-13,-10,5,28,16,1,1,30
1528190040933352,7,5,-5,-9,4,7,5,8
1528190040934308,9,0,4,-10,-4,-6,-3,-2
1528190040934308,-13,-7,-9,12,-2,-2,1,3
1528190040956298,-2,10,26,-10,-1,-2,-4,-18
1528190040956298,-7,-2,1,23,-6,-5,-1,0
1528190040957291,16,0,-5,-52,11,12,4,1
1528190040957291,9,13,29,-15,6,-1,-2,-6
1528190040979178,-22,-22,-37,31,-3,-4,-2,-8
1528190040979178,-16,-11,-27,7,-2,-2,-1,1
1528190040980175,11,3,30,21,-9,-3,-2,-5
1528190040980175,3,11,-18,4,-2,3,2,11
1528190040994181,8,6,-21,-14,10,2,-1,1
1528190040994181,-24,-22,-16,-21,-10,-4,-3,-26
1528190040994181,6,8,-4,7,-8,-1,3,50
1528190040994181,-30,-25,2,5,9,-4,-9,-46
1528190041016136,49,20,46,9,6,-3,2,15
1528190041016136,-56,-3,-20,5,0,1,1,-11
1528190041017077,8,-15,-12,-15,-4,-5,-4,-3
1528190041017077,9,9,-6,10,-13,-4,3,26
1528190041039018,-16,-15,-17,-1,6,4,2,-15
1528190041039018,29,15,11,3,7,-1,-1,13
1528190041040015,0,6,14,4,1,-2,-3,-10
1528190041040015,-2,4,-2,-15,-6,0,0,11
1528190041068937,0,0,-22,48,12,7,0,-8
1528190041068937,3,3,9,-37,-22,-7,-2,3
1528190041069934,21,-1,2,-9,-6,-6,-5,-7
1528190041069934,-11,2,-21,-9,-4,-4,-4,-3
1528190041075918,-12,-1,15,-12,-3,-4,-3,3
1528190041075918,0,-8,1,10,8,10,3,6
1528190041076932,5,2,4,7,2,2,0,-14
1528190041076932,5,-3,5,-1,-1,-3,-1,11
1528190041100056,-11,-12,-18,-19,-14,-2,0,-4
1528190041100056,8,8,12,15,8,-3,-2,1
1528190041100056,-2,4,-13,-2,5,0,-3,-9
1528190041100056,0,-3,11,12,5,3,2,6
1528190041114073,-9,-2,-1,-14,-10,-3,-1,0
1528190041114073,7,-6,-19,4,-2,-2,-1,-4
1528190041115074,-1,-1,22,1,0,-2,-2,1
1528190041115074,-8,-1,-10,-3,-3,1,-1,2
1528190041136760,0,-2,7,-13,-14,-5,-3,-7
1528190041136760,7,-3,11,30,25,7,0,3
1528190041136760,-3,-6,-6,-9,-5,-1,0,-4
1528190041136760,2,10,11,5,10,2,0,1
1528190041159952,2,-6,-7,78,-3,-2,2,-1
1528190041159952,-20,-13,-1,-78,-8,-2,0,1
1528190041160899,-2,16,-49,-19,-9,-7,-3,-4
1528190041160899,-7,-6,27,-3,-6,-3,-3,-3
1528190041173658,-14,22,31,1,18,6,3,7
1528190041173658,56,5,-7,82,5,-1,-2,8
1528190041188954,-36,-40,-15,-12,-10,-3,-2,-11
1528190041188954,7,7,-44,-20,-6,-2,0,2
1528190041204991,-16,-9,16,-7,1,-1,-4,-5
1528190041204991,1,12,29,-4,0,2,2,2
1528190041205572,9,5,-20,-11,1,0,1,1
1528190041205572,7,2,-17,22,-3,-3,-1,0
1528190041219797,5,-8,-17,-30,-1,-1,0,1
1528190041219797,-8,3,21,-5,-3,0,-1,-4
1528190041220771,14,11,-2,37,1,-3,-3,-1
1528190041220771,-14,-6,12,-4,3,1,0,0
1528190041232547,4,-4,-16,-14,-3,-3,-2,-4
1528190041232547,-8,3,-1,-8,-5,-3,-3,-3
1528190041241717,-9,-14,19,2,2,2,-2,-3
1528190041241717,7,0,1,-2,2,0,1,5
1528190041255662,2,-1,17,13,-6,-5,-3,-3
1528190041255662,-2,1,-39,-45,-8,-4,-1,-3
1528190041264421,-2,-3,65,10,5,1,0,0
1528190041264421,-4,-3,-23,-7,2,1,-1,-4
1528190041279375,-1,0,8,7,12,-3,-2,-5
1528190041279375,-7,-3,15,-4,-9,1,0,0
1528190041281369,10,12,-14,-3,-2,-3,-2,5
1528190041281369,-3,-19,-14,-7,-18,-6,-3,-2
1528190041302508,-5,-2,5,-19,6,0,0,-4
1528190041302508,-3,5,-10,22,22,4,1,-2
1528190041303315,-6,-11,15,-6,-8,2,2,-3
1528190041303315,0,12,-3,20,8,-7,-1,0
1528190041315925,7,-22,-6,-24,-2,-3,-1,2
1528190041315925,-7,-5,-31,-10,-10,0,-3,-7
1528190041324555,7,16,12,6,-5,0,-1,2
1528190041324555,-6,0,19,1,-17,-1,1,0
1528190041339520,-2,0,-17,-17,-27,-9,-3,-3
1528190041339520,-1,-3,14,20,-12,-14,-2,-3
1528190041341513,-2,1,2,-11,46,16,2,-2
1528190041341513,-1,-11,-1,0,11,7,2,1
1528190041361865,2,4,-3,-15,5,0,-2,1
1528190041361865,-2,-2,12,5,-29,-9,-2,-2
1528190041363451,0,5,-8,15,10,-3,-4,-1
1528190041363451,2,-10,-3,-12,-3,-3,-3,0
1528190041375749,-1,7,-14,-7,-16,2,-1,1
1528190041375749,-4,-2,2,10,7,2,-2,-1
1528190041384501,0,1,-1,-5,-10,-5,-1,0
1528190041384501,2,6,14,-1,17,5,-3,-1
1528190041399618,-1,5,6,-6,-9,-4,-2,-1
1528190041399618,-3,-9,-15,2,-5,-8,-4,-3
1528190041400352,-4,-9,-26,-6,-2,1,0,-2
1528190041400352,0,0,2,0,-12,2,1,-2
1528190041422293,6,10,7,-9,-10,0,0,0
1528190041422293,1,-1,-38,-7,25,2,-1,1
1528190041423303,1,-5,10,9,0,-2,-2,0
1528190041423303,-5,-5,10,-10,-50,-15,-3,-2
1528190041435522,-4,-2,-15,9,56,2,0,-4
1528190041435522,-1,1,11,2,7,14,1,0
1528190041444493,1,5,-4,-10,-9,-3,-3,-1
1528190041444493,0,0,-4,2,-3,-2,-1,-1
1528190041459747,-1,-4,2,-5,-12,-5,-2,-1
1528190041459747,-2,-4,7,3,2,1,0,-2
1528190041461734,-3,-1,-6,6,-4,-2,2,-2
1528190041461734,0,3,14,0,9,2,0,0
1528190041481390,-3,-1,-10,-1,-5,0,0,0
1528190041481390,-2,-2,7,0,1,2,1,1
1528190041489542,-1,-3,-3,-2,-13,-3,0,-1
1528190041489542,-1,-1,-13,0,8,-2,-1,-2
1528190041495426,-3,1,-24,3,7,4,0,-2
1528190041495426,-2,-10,23,6,-1,1,1,-1
1528190041504572,-1,-3,15,-3,-6,-3,-2,-1
1528190041504572,-2,-1,-11,1,13,2,-2,-1
1528190041519291,-3,0,-5,-6,-10,0,-2,-1
1528190041519291,2,8,3,-9,2,1,-1,-2
1528190041521283,1,-2,-12,-2,-19,-4,-1,1
1528190041521283,-2,-6,11,4,10,-3,-1,-1
1528190041541600,0,-3,1,-5,6,6,-2,1
1528190041541600,-1,6,-3,-6,-3,-4,-2,0
1528190041549735,-1,-1,-4,1,1,-1,-1,0
1528190041549735,1,3,-6,-4,-9,-5,-3,0
1528190041556865,-2,-4,3,-3,-6,-1,-1,-3
1528190041556865,-2,-3,0,3,3,1,-2,-1
1528190041563666,-2,-1,-5,-8,-7,-2,-2,-4
1528190041563666,1,5,-8,-3,3,-3,0,-1
1528190041579310,-1,-6,19,1,-1,-1,0,-1
1528190041579310,0,2,-2,-4,-3,0,0,0
1528190041581220,-1,0,2,5,-3,-3,-2,-1
1528190041581220,0,-3,-3,-1,2,2,-1,-1
1528190041602114,-1,-3,-1,-3,-3,-1,-1,-1
1528190041602114,0,-1,0,0,-5,-4,-1,0
1528190041604109,-1,-2,-1,-3,2,0,-1,0
1528190041604109,-1,-1,-1,-1,7,3,0,0
1528190041616685,1,-1,-9,-1,-4,-3,-2,-1
1528190041616685,1,-1,27,0,-3,-3,-2,1
1528190041630379,-1,0,-3,-1,0,1,0,-1
1528190041630379,-2,-1,-4,-1,3,-1,0,-2
1528190041639321,0,0,-4,0,-3,-2,-1,-1
1528190041639321,-2,-3,-4,0,2,0,0,0
1528190041641317,0,-6,-4,2,2,1,-1,0
1528190041641317,-3,0,5,-3,-2,-3,-2,0
1528190041662267,-2,-1,0,-2,3,2,-1,-2
1528190041662267,1,10,-8,-9,-6,-3,-2,-2
1528190041663271,-1,-1,5,2,3,-2,0,0
1528190041663271,-1,-1,-7,2,-4,0,-2,-2
1528190041676469,-2,-2,-3,-3,-3,-3,1,-1
1528190041676469,-1,0,-11,-1,-3,0,0,-1
1528190041690740,0,1,5,-2,-3,-2,-1,-2
1528190041690740,-2,0,6,-1,-1,1,-1,-2
1528190041699796,0,-1,-9,-1,-1,-1,-1,1
1528190041699796,-1,-4,2,1,-5,-2,-1,-1
1528190041700779,-3,-3,-12,2,6,-1,-1,-1
1528190041700779,-1,-2,-10,2,-5,-2,-2,-1
1528190041722020,-3,-3,9,-4,1,1,-2,-2
1528190041722020,-2,-2,6,0,-2,-1,1,2
1528190041723713,0,-4,-23,-1,-1,-1,0,-2
1528190041723713,1,-1,3,-4,-2,-1,0,1
1528190041735681,-3,3,-7,-4,-1,-3,-1,-2
1528190041735681,-2,-7,-1,5,2,-2,-3,0
1528190041744657,-1,4,9,-5,-4,-2,0,-2
1528190041744657,-1,-3,-2,2,3,-2,-1,0
1528190041758967,-2,-5,-23,0,-5,-2,0,-3
1528190041758967,0,2,9,-1,2,1,-2,-1
1528190041773827,2,2,12,2,0,-2,-1,2
1528190041773827,-1,-4,-1,-1,-4,-1,-1,-2
1528190041782155,1,1,1,0,-2,-1,-2,1
1528190041782155,-1,-2,-10,-2,2,0,0,-1
1528190041783831,-1,-2,0,-2,-3,1,-1,-3
1528190041783831,-1,-1,5,-4,-1,-1,-1,-2
1528190041795794,0,-1,5,1,0,0,-1,-1
1528190041795794,-1,-2,-8,-1,-2,-1,1,0
1528190041805008,-1,-1,5,0,-1,-1,-2,-1
1528190041805008,0,1,-7,-2,0,0,1,0
1528190041819730,0,-2,-1,2,0,1,1,-2
1528190041819730,-2,-8,9,2,0,-1,-1,-2
1528190041820802,-1,-1,-13,-5,-1,-1,-2,-1
1528190041820802,-2,0,3,-2,-2,-1,-1,-1
1528190041841674,-1,0,4,1,-1,-1,-1,0
1528190041841674,1,-1,-10,-1,1,0,-1,-2
1528190041856632,-1,-1,-2,-3,-5,-2,-2,-1
1528190041856632,-2,0,0,-1,0,-2,-1,-2
1528190041857629,-1,0,-2,-3,-7,-1,-1,-1
1528190041857629,0,0,0,-1,4,-1,-1,-1
1528190041862615,-2,-2,0,0,4,-2,-1,-2
1528190041862615,-1,-2,-8,0,0,0,-1,-1
1528190041878573,-1,3,13,-2,-3,0,-1,-1
1528190041878573,-1,-7,-5,-4,-4,0,-1,0
1528190041886588,-2,1,2,1,-1,0,-1,-2
1528190041886588,-1,-2,0,-2,0,1,-1,-2
1528190041900783,-1,0,-5,-1,0,-2,0,-2
1528190041900783,-2,0,0,-2,-3,-2,-2,-2
1528190041909496,1,0,-2,-1,-2,-2,1,1
1528190041909496,0,-3,-6,-1,-2,-1,-1,-1
1528190041916735,-7,0,9,1,0,1,-2,0
1528190041916735,0,-1,-9,-1,-3,-1,-1,-2
1528190041940663,-2,-1,10,-2,1,-1,-2,-3
1528190041940663,0,-1,0,2,-2,0,-2,0
1528190041940663,1,-2,-5,-1,0,-1,1,-1
1528190041940663,-5,-1,-4,-2,-1,-3,0,-3
1528190041942402,-2,-3,-4,-2,-3,-2,-2,-1
1528190041942402,1,0,-1,-1,-2,-1,0,-2
1528190041961682,-2,-5,-1,-1,0,-2,-2,-2
1528190041961682,1,2,-4,-1,-1,-1,-1,1
1528190041963346,1,-1,4,1,-1,0,-1,-1
1528190041963346,-2,-1,-2,-1,1,0,-2,-1
1528190041976951,1,0,-3,0,-2,-3,-1,1
1528190041976951,-1,0,-1,-2,-2,0,-3,-3
1528190041983028,-3,-2,0,-1,0,-2,-1,-1
1528190041983028,-1,-3,0,1,-1,-1,-1,1
1528190042000007,-1,-1,4,-1,-2,-2,-2,-1
1528190042000007,2,5,1,-1,-1,-2,-1,-1
1528190042000637,-2,-6,-10,0,0,0,-1,-2
1528190042000637,-2,-2,-4,1,-1,-1,0,-2
1528190042021815,0,0,-4,-1,0,-1,0,0
1528190042021815,0,1,21,2,-2,-1,0,-1
1528190042023565,-1,0,-2,-1,-3,0,0,-1
1528190042023565,1,0,-3,-1,-2,-3,-1,-1
1528190042044065,1,-3,-7,0,-1,0,-2,-1
1528190042044065,-4,-3,-2,-2,0,0,-1,-2
1528190042052099,5,-1,0,-2,-1,-1,-1,-1
1528190042052099,-2,-1,2,-1,0,-1,-1,0
1528190042059080,-3,0,2,1,0,0,-1,-1
1528190042059080,-2,-1,-7,-2,-3,1,-2,-1
1528190042061093,-2,-1,-1,-3,0,0,-1,-1
1528190042061093,-2,-2,-3,-2,-2,-1,0,-1
1528190042082018,-1,-3,-6,-1,-1,-1,-2,-3
1528190042082018,-2,-2,-3,-2,1,-1,0,-3
1528190042083016,-1,-1,-3,1,0,-1,-1,-1
1528190042083016,-1,-2,3,0,0,-2,-2,-1
1528190042095988,-1,-1,-1,0,-1,0,-1,-1
1528190042095988,-2,-5,-5,0,1,-1,1,0
1528190042103960,0,3,1,-1,-2,0,-1,0
1528190042103960,-3,0,-1,-2,0,-1,0,-1
1528190042119930,0,-2,1,-1,-1,-2,1,0
1528190042119930,2,0,-7,-1,-1,-2,0,1
1528190042125900,-3,-1,-3,0,-2,-2,-1,-1
1528190042125900,-1,-1,-4,-2,-1,1,-2,-1
1528190042141896,-2,-1,0,-1,-1,0,-1,-2
1528190042141896,-1,-3,-7,-1,-1,-2,0,-2
1528190042143892,0,0,3,-1,-2,0,-1,-1
1528190042143892,-1,1,-1,-1,0,-2,0,-1
1528190042163800,1,-3,2,-2,0,-1,-1,-1
1528190042163800,-3,-1,0,0,-3,0,0,-1
1528190042165794,5,0,-4,0,-1,-1,0,-1
1528190042165794,-1,1,0,0,-1,1,-1,-1
1528190042186764,0,0,-5,-4,-1,-2,0,0
1528190042186764,-3,-2,-3,-1,-1,-1,-2,-1
1528190042188759,-4,-2,-2,-2,-3,-1,0,-2
1528190042188759,0,1,2,-1,-2,-2,-1,-1
1528190042200705,-1,-1,-2,-1,-1,0,0,0
1528190042200705,-1,0,-11,-2,-1,-4,-1,-2
1528190042209678,-4,-2,0,-1,0,0,1,-3
1528190042209678,1,-1,-3,-2,-1,-2,-2,-1
1528190042215891,-2,-1,1,-2,-2,-2,0,-2
1528190042215891,2,-1,2,-1,-2,0,0,0
1528190042224649,-1,-2,-2,-1,1,-2,-1,-1
1528190042224649,-1,-2,0,0,-2,-1,-1,0
1528190042240112,0,0,-4,-1,-1,-2,-2,-1
1528190042240112,0,-4,6,1,-1,-1,-2,-2
1528190042241040,-5,-3,-5,-2,-2,-1,-2,0
1528190042241040,-2,-3,0,-1,-2,-1,-2,-2
1528190042262304,-1,-1,-2,-1,-1,-1,-2,-1
1528190042262304,-1,0,-3,0,-1,-1,-1,-2
1528190042263285,-1,0,2,-1,-2,-1,-1,-1
1528190042263285,0,-1,-2,-1,-1,-1,1,0
1528190042275628,-5,-1,-1,-1,-2,-1,-1,-3
1528190042275628,0,-2,5,-1,-1,-1,-2,0
1528190042284446,1,-1,7,0,-1,-1,-2,-1
1528190042284446,-1,1,-4,-3,-1,-2,-1,-3
1528190042299589,0,0,1,0,-1,-1,-1,0
1528190042299589,-3,0,-4,-1,-1,0,0,-1
1528190042301226,-2,0,1,0,0,-1,-2,-2
1528190042301226,0,-1,0,0,-1,-1,-2,-2
