timestamp,emg1,emg2,emg3,emg4,emg5,emg6,emg7,emg8
1529287621787367,2,5,-2,3,0,5,-1,2
1529287621787367,0,0,1,5,0,0,-3,-3
1529287621796342,7,4,-1,5,3,-3,-1,-1
1529287621796342,-6,-13,-8,9,5,0,-5,-6
1529287621802326,-9,-21,-1,-4,-4,-5,-2,-7
1529287621802326,13,21,14,-3,-13,-6,1,9
1529287621816289,0,-4,0,2,31,23,1,2
1529287621816289,5,8,13,-1,-4,0,-4,1
1529287621826264,-4,4,4,-2,-4,-3,-6,-3
1529287621826264,-9,-22,-16,-2,7,0,1,-3
1529287621863166,7,9,-3,1,-1,-5,0,3
1529287621863166,0,-2,-7,-1,1,-2,-4,1
1529287621865162,2,8,-4,-3,-9,-2,-4,4
1529287621865162,-1,1,0,-4,-8,-5,-2,1
1529287621866157,-6,-8,-1,-1,-1,-3,3,-1
1529287621866157,2,-6,-3,-2,-3,-3,1,-2
1529287621868151,1,0,0,0,5,0,-3,-4
1529287621868151,0,4,-6,-1,2,1,0,-2
1529287621876130,-4,1,-4,-2,-1,1,0,-4
1529287621876130,-6,2,-4,-1,-1,-1,0,-4
1529287621885106,-13,-14,-1,-1,-1,-2,0,-8
1529287621885106,-4,-1,2,2,-1,-2,-2,-3
1529287621891123,9,6,8,3,2,0,-2,1
1529287621891123,5,-1,9,1,2,3,6,4
1529287621906053,6,4,3,-2,-1,1,1,2
1529287621906053,-5,-8,0,-6,-2,-1,-3,-3
1529287621913032,-3,-4,-1,-3,-5,-3,-5,0
1529287621913032,1,3,-6,1,2,4,-3,4
1529287621922007,3,0,-4,4,-1,-1,-1,3
1529287621922007,3,0,-3,4,0,-2,5,1
1529287621936967,-4,-1,-1,-4,3,5,3,-4
1529287621936967,-2,-1,0,1,-4,1,1,-5
1529287621944946,-1,0,0,8,4,-1,4,-4
1529287621944946,0,-5,-7,-3,1,0,0,1
1529287621950929,2,-1,-2,-4,-7,-9,-3,-3
1529287621950929,3,1,-2,-9,-5,-6,-3,2
1529287621965892,0,6,8,19,15,-1,-6,2
1529287621965892,3,5,7,5,4,0,-5,-1
1529287621972873,-4,0,-1,1,0,2,-1,-3
1529287621972873,-2,2,7,4,-1,3,-1,-3
1529287621981849,1,-1,2,-13,-11,-3,-1,0
1529287621981849,3,-2,-3,-2,0,2,5,1
1529287621995844,3,-4,3,-3,-4,4,2,3
1529287621995844,0,-1,-11,-3,5,7,3,-1
1529287622004786,-3,4,3,2,-1,-4,-3,-1
1529287622004786,-1,6,2,4,4,-4,-3,1
1529287622010772,-3,1,-11,-8,-15,-9,-1,4
1529287622010772,-2,-1,-6,4,21,10,2,-1
1529287622025730,-2,1,-7,-2,-2,-9,-4,-4
1529287622025730,2,-6,4,10,8,5,2,-1
1529287622033722,-1,-7,2,3,4,-1,0,-2
1529287622033722,3,1,10,6,-5,-4,0,4
1529287622042684,-6,-6,2,-6,-3,3,3,3
1529287622042684,-1,2,8,15,8,3,3,1
1529287622055649,3,5,5,-3,-2,1,-5,-4
1529287622055649,-1,-2,-13,-16,-15,-6,-7,-4
1529287622064662,2,-2,-5,-3,-2,6,6,-3
1529287622064662,0,-2,-6,-2,-5,0,5,-1
1529287622070652,-3,-1,-2,7,3,4,3,-1
1529287622070652,-8,-1,8,5,0,0,-4,-2
1529287622085617,-1,0,2,-4,-7,-8,-7,7
1529287622085617,-1,-1,0,-7,-9,-9,-8,3
1529287622093596,1,-1,-1,-1,9,7,-1,1
1529287622093596,-1,-5,-4,0,1,2,2,0
1529287622108543,-2,-4,2,1,-6,-7,-1,-6
1529287622108543,0,5,5,9,-3,-5,-3,-6
1529287622115669,1,1,-2,-13,-6,-6,-2,0
1529287622115669,0,1,2,2,-4,-3,-4,-2
1529287622124688,3,-3,-8,-5,4,7,5,-4
1529287622124688,-1,-5,-9,-5,-5,3,1,-5
1529287622138651,-2,0,6,17,3,-3,-6,-10
1529287622138651,-1,-8,2,3,-1,-4,-10,-1
1529287622145633,2,-2,-2,-2,13,12,2,3
1529287622145633,0,2,0,-11,-16,-5,5,10
1529287622153610,-3,2,-1,4,-10,-9,0,0
1529287622153610,2,5,4,-8,4,-4,3,4
1529287622168570,0,1,4,3,7,3,-4,-3
1529287622168570,-1,2,-4,-7,-1,-5,-8,-6
1529287622176548,-2,0,-6,-8,-4,3,5,1
1529287622176548,-2,2,-2,5,15,19,7,-5
1529287622183530,-14,-8,-4,9,7,-4,-15,-15
1529287622183530,-8,-7,-3,-8,-5,-15,-17,-15
1529287622190512,31,16,12,10,18,34,50,46
1529287622190512,8,2,5,-3,-6,-11,2,2
1529287622205471,2,-3,4,-8,-21,-6,0,8
1529287622205471,-5,-8,0,-1,-1,-7,-10,-6
1529287622213485,-11,-3,-2,-8,-11,-9,-24,-15
1529287622213485,2,-2,-8,11,30,15,9,-6
1529287622228411,-3,2,0,0,18,7,6,-2
1529287622228411,-3,0,-9,-30,-48,-11,-7,-5
1529287622236389,-13,-11,-4,-5,-2,-8,-5,-13
1529287622236389,2,9,3,8,3,0,6,12
1529287622243371,2,2,-3,9,5,-12,-6,1
1529287622243371,6,3,2,16,28,25,18,10
1529287622250387,-2,-5,-4,0,-2,-11,-7,-7
1529287622250387,-2,-8,0,-13,-27,-19,-10,-10
1529287622265339,-1,-5,-5,-8,-6,-8,-9,-11
1529287622265339,11,7,5,-1,-13,3,13,17
1529287622273292,-8,-8,-5,0,12,13,-2,0
1529287622273292,2,2,2,14,18,-6,-1,3
1529287622288290,1,6,-2,-10,-19,12,20,19
1529287622288290,-20,-29,-27,-30,-25,-4,-23,-49
1529287622296270,50,51,30,21,42,7,20,64
1529287622296270,-3,1,13,11,3,9,2,0
1529287622303249,5,10,16,17,20,7,1,-3
1529287622303249,-14,-7,0,-7,-2,5,2,0
1529287622311188,-24,-23,-20,-24,-24,-13,-22,-34
1529287622311188,-1,4,2,12,7,-1,-4,-1
1529287622326148,1,3,-2,2,2,4,-3,5
1529287622326148,2,8,-1,2,16,5,-1,1
1529287622333130,-9,-8,-12,-11,-13,9,-2,-10
1529287622333130,2,0,-4,-7,-10,1,4,7
1529287622348090,-1,-4,0,7,1,0,2,-8
1529287622348090,-8,-9,2,2,9,-6,-6,-3
1529287622356069,-3,2,4,6,1,-13,-23,-18
1529287622356069,9,5,2,-8,-25,7,33,22
1529287622363086,-9,-12,-6,-3,24,13,9,0
1529287622363086,12,12,11,11,36,15,8,9
1529287622371030,-11,-17,-12,12,-10,-27,-33,-19
1529287622371030,10,5,-4,-8,-14,-2,-2,-2
1529287622385990,7,2,0,5,11,12,17,14
1529287622385990,0,4,1,-16,-22,4,16,18
1529287622392971,-15,-13,3,-5,-11,2,0,-9
1529287622392971,-1,4,6,-8,5,3,-14,-9
1529287622407930,-17,-16,-10,-21,-2,-7,-3,-2
1529287622407930,-1,14,-2,13,33,5,3,-5
1529287622415909,23,6,3,20,-7,-2,7,18
1529287622415909,-1,9,8,4,-8,-15,-4,-8
1529287622422890,15,20,5,-11,-4,8,6,6
1529287622422890,-1,-5,4,16,17,11,-5,-8
1529287622438886,-9,-11,-3,-6,-4,-7,3,-5
1529287622438886,-26,-38,-47,-30,-19,-31,-29,-15
1529287622445829,-9,3,5,4,-11,-7,-19,-16
1529287622445829,8,22,18,2,-7,-11,-12,3
1529287622452811,26,22,14,9,13,41,50,42
1529287622452811,-7,-10,2,-6,4,5,-2,-1
1529287622467772,-12,-30,-31,-12,-11,-30,-16,-9
1529287622467772,1,-20,-30,-41,-43,-8,5,10
1529287622476781,6,29,32,25,27,10,4,-2
1529287622476781,-5,1,10,25,28,15,-4,-8
1529287622482731,1,13,21,12,-12,2,-3,0
1529287622482731,0,-3,4,10,28,-27,-14,-7
1529287622498687,-12,-13,-21,-20,-7,-5,-10,-13
1529287622498687,-2,-10,-25,-35,-44,-16,0,1
1529287622505669,5,2,3,1,-5,6,2,2
1529287622505669,6,3,9,5,-8,9,16,8
1529287622513648,-10,-8,-2,2,13,-8,-4,-11
1529287622513648,2,12,11,9,12,4,2,2
1529287622528608,0,-11,-11,-9,-12,-5,-1,-2
1529287622528608,0,-5,-13,-11,0,18,7,1
1529287622536635,-7,-10,-24,-22,-21,-8,-8,-8
1529287622536635,1,10,17,2,40,5,0,1
1529287622543571,4,14,17,46,2,-9,-5,4
1529287622543571,-8,-2,8,15,9,2,-5,1
1529287622558535,-11,-26,-34,-30,-28,-14,-12,-6
1529287622558535,5,16,8,-12,-22,-1,3,1
1529287622565555,4,1,-4,-35,-17,1,2,1
1529287622565555,-7,-1,6,34,7,-18,-18,-14
1529287622573491,8,12,16,8,-19,-7,-3,3
1529287622573491,-1,-13,-7,-6,0,8,1,1
1529287622588448,-2,-15,-18,-27,-26,-2,7,-1
1529287622588448,-5,-20,-24,-25,27,13,9,3
1529287622596427,-3,7,30,58,-2,-18,-8,-10
1529287622596427,2,1,6,23,18,17,7,1
1529287622603408,5,11,5,-11,-26,-30,-10,-3
1529287622603408,-7,-32,-41,-50,-36,0,5,8
1529287622618369,9,22,-2,-23,13,11,4,-1
1529287622618369,15,25,34,39,18,5,-2,3
1529287622625350,2,-5,8,10,12,6,-5,-2
1529287622625350,5,4,3,-15,-9,4,0,4
1529287622633328,0,-11,-11,-9,33,24,11,5
1529287622633328,-9,-7,7,9,-64,-39,-21,-15
1529287622648321,-1,5,-8,-4,42,4,0,-1
1529287622648321,-5,10,6,11,-12,-15,-1,0
1529287622656266,-11,-15,-8,-2,14,5,5,-2
1529287622656266,-9,-8,-31,-31,-2,9,6,-3
1529287622663248,4,3,1,-3,1,1,-2,-4
1529287622663248,16,21,13,21,6,0,3,4
1529287622679245,4,5,7,9,9,10,3,2
1529287622679245,3,4,13,12,-4,-10,-1,1
1529287622685189,-5,-9,-8,0,-2,9,6,0
1529287622685189,0,1,14,20,11,-2,0,-1
1529287622693168,-4,-3,-2,-25,-18,-9,-3,-4
1529287622693168,-9,-20,-25,-14,-13,-3,0,4
1529287622708181,-5,-14,-5,13,8,11,7,6
1529287622708181,3,-4,-2,0,0,1,-2,1
1529287622716145,13,9,12,21,36,18,7,7
1529287622716145,4,11,16,-7,-19,-10,-7,3
1529287622723087,3,10,1,-8,-10,-2,-5,4
1529287622723087,-9,-6,-7,-7,-9,-14,-11,-11
1529287622739093,-6,-7,-1,-4,-9,-6,-8,-7
1529287622739093,7,8,-9,-18,-2,0,0,-3
1529287622746027,1,-4,2,6,10,11,6,3
1529287622746027,-5,-3,8,33,18,2,-1,1
1529287622753047,9,-4,-13,-5,-2,-7,-7,1
1529287622753047,-5,-10,-9,-7,2,1,2,0
1529287622768008,-6,-9,-13,-29,-52,-17,-5,-8
1529287622768008,5,13,27,49,60,37,16,-1
1529287622776943,-8,-2,-9,-16,-24,-15,-8,-6
1529287622776943,-1,-2,-3,15,28,1,-1,-2
1529287622783110,2,9,4,0,-15,-3,-4,5
1529287622783110,-5,-8,-13,-25,-18,-9,-5,2
1529287622798885,-12,-7,1,5,-1,-8,-4,-5
1529287622798885,-3,-10,3,4,2,-3,7,2
1529287622805903,3,6,2,4,11,4,6,-2
1529287622805903,19,29,14,-5,-10,1,8,9
1529287622812890,-2,-4,-5,1,-7,3,2,5
1529287622812890,-13,-11,-11,-19,2,8,-3,-5
1529287622827850,-3,3,6,18,16,-14,-8,-4
1529287622827850,2,-6,-7,-11,-13,1,-3,-1
1529287622837002,3,3,-3,-2,0,2,3,4
1529287622837002,-4,-11,-13,-19,8,4,-3,-2
1529287622850787,-1,-5,5,-8,-14,-5,-6,-4
1529287622850787,-1,-2,-6,-13,-21,-12,-6,-5
1529287622858765,3,4,7,15,11,10,7,4
1529287622858765,0,1,-4,17,21,3,2,1
1529287622873725,-1,4,3,0,-15,-9,-2,0
1529287622873725,-3,-2,7,9,-4,-6,-4,-4
1529287622874724,2,1,-3,-11,-2,7,5,1
1529287622874724,2,-5,2,9,11,8,4,-2
1529287622888684,5,7,-3,0,10,8,-4,-1
1529287622888684,-4,-5,-5,-1,4,5,-3,-1
1529287622896846,-3,7,8,-11,-10,-3,-3,-7
1529287622896846,-5,6,7,10,-4,-3,-3,-7
1529287622910810,-3,-1,-3,4,12,10,4,-4
1529287622910810,-7,-1,-10,-11,-27,-4,-3,0
1529287622918789,-6,-3,-5,-1,3,2,-3,1
1529287622918789,2,-4,-8,-12,-9,-7,-1,1
1529287622933780,1,-5,10,15,12,5,5,-1
1529287622933780,7,3,7,17,-7,-7,-2,0
1529287622934775,1,-3,-8,-10,-13,-7,-3,0
1529287622934775,0,6,5,5,3,-3,-3,3
1529287622948058,-4,-3,-2,-17,5,-4,-1,4
1529287622948058,-3,0,2,-4,9,0,2,2
1529287622956869,-1,6,2,-15,-7,-7,0,0
1529287622956869,-1,-5,-12,-24,-27,-10,-3,0
1529287622970830,0,0,2,27,23,3,-5,-3
1529287622970830,-11,-10,-3,-9,-6,3,-7,-22
1529287622978809,1,-2,1,18,7,-5,-15,-23
1529287622978809,20,17,6,-1,-11,5,13,26
1529287622993769,-3,-1,-2,5,31,22,35,25
1529287622993769,2,1,-4,-31,-51,-35,-17,1
1529287622994766,-17,-22,-5,17,12,-4,-11,-17
1529287622994766,-27,-17,-6,1,10,4,-8,-24
1529287623007733,9,-3,-14,-29,-43,-35,-54,-22
1529287623007733,30,30,22,25,45,32,42,51
1529287623016711,16,22,14,4,9,21,36,27
1529287623016711,-29,-21,-8,-1,-4,-11,-19,-30
1529287623030836,-3,2,-4,-14,-13,3,-2,-15
1529287623030836,2,-7,-13,-9,-4,-16,-25,9
1529287623039222,8,3,0,0,3,-6,-6,15
1529287623039222,14,3,2,4,-9,9,28,22
1529287623054350,-9,-2,-2,2,17,21,16,-2
1529287623054350,-6,0,-1,6,11,1,-10,-25
1529287623055183,1,5,10,10,-5,6,8,0
1529287623055183,-4,-1,1,1,-3,-23,-18,-12
1529287623068305,-8,-8,-5,4,-8,3,-8,-12
1529287623068305,6,5,-6,-8,-28,-21,7,6
1529287623077175,-9,-15,-13,-18,-27,-12,-22,-6
1529287623077175,20,23,21,23,66,47,24,30
1529287623090471,9,7,6,6,10,-2,15,22
1529287623090471,-4,-8,-9,2,10,3,-10,-2
1529287623098921,-3,0,-4,-9,-17,-18,-5,-12
1529287623098921,1,-2,-3,-7,-29,-25,-20,-14
1529287623113772,2,-1,6,2,13,11,4,3
1529287623113772,-9,-11,-2,0,1,-3,-1,-11
1529287623114735,-3,-5,-4,-3,1,-3,-9,-6
1529287623114735,6,1,-4,-3,-8,-1,0,2
1529287623127896,-2,-4,-1,1,-5,-5,1,-1
1529287623127896,-7,-9,2,-2,3,7,-1,-10
1529287623136875,5,5,3,-4,13,6,20,22
1529287623136875,-2,1,4,-1,10,7,5,1
1529287623151178,0,-1,1,-3,-9,-14,-5,1
1529287623151178,-3,-1,-1,0,4,6,2,-5
1529287623159158,-3,1,-1,4,7,4,1,-8
1529287623159158,0,1,0,1,-6,-7,-3,-7
1529287623173938,1,1,-1,-2,-5,-5,-15,-11
1529287623173938,5,4,1,2,9,9,29,13
1529287623174938,-3,-7,-4,2,-1,3,-1,-1
1529287623174938,2,1,-2,0,-7,0,-1,-3
1529287623189021,2,0,-2,3,-5,-5,-3,-2
1529287623189021,-3,-3,-7,5,6,1,-1,-1
1529287623196095,-6,-5,-6,-3,-2,-4,-3,0
1529287623196095,-3,-1,-4,-5,1,0,-4,0
1529287623211059,-3,3,0,-3,1,0,2,1
